function bot = load_bot()
    
    %returns values used in Botella & Peyret paper for verification
    
    bot.constx_y = [1.0000, 0.9766, 0.9688, 0.9609, 0.9531, 0.8516, 0.7344, 0.6172, 0.5000, 0.4531, 0.2813, 0.1719, 0.1016, 0.0703, 0.0625, 0.0547, 0.0000];
    bot.constx_u = [-1.0000000, -0.6644227, -0.5808359, -0.5169277, -0.4723329, -0.3372212, -0.1886747, -0.0570178, 0.0620561 , 0.1081999 , 0.2803696 , 0.3885691 , 0.3004561 , 0.2228955 , 0.2023300 , 0.1812881 , 0.0000000];
    bot.constx_p = [0.052987, 0.052009, 0.051514, 0.050949 , 0.050329 , 0.034910 , 0.012122 , -0.000827, 0.000000 , 0.004434 , 0.040377 , 0.081925 , 0.104187 , 0.108566 , 0.109200 , 0.109689 , 0.110591];
    bot.constx_xi = [14.7534, 12.0670, 9.49496, 6.95968, 4.85754, 1.76200, 2.09121, 2.06539, 2.06722, 2.06215, 2.26772, 1.05467, -1.63436, -2.20175, -2.31786, -2.44960, -4.16648];

    
    bot.consty_x = [0.0000, 0.0312, 0.0391, 0.0469, 0.0547, 0.0937, 0.1406, 0.1953, 0.5000, 0.7656, 0.7734, 0.8437, 0.9062, 0.9219, 0.9297, 0.9375, 1.0000];
    bot.consty_v = [0.0000000, -0.2279225, -0.2936869, -0.3553213, -0.4103754, -0.5264392, -0.4264545, -0.3202137, 0.0257995, 0.3253592, 0.3339924, 0.3769189, 0.3330442, 0.3099097, 0.2962703, 0.2807056, 0.0000000];
    bot.consty_p = [0.077455, 0.078837, 0.078685, 0.078148, 0.077154, 0.065816, 0.049029, 0.034552, 0.000000, 0.044848, 0.047260, 0.069511, 0.084386, 0.086716, 0.087653, 0.088445, 0.090477];
    bot.consty_xi = [-5.46217, -8.44350, -8.24616, -7.58524, -6.50867, 0.92291, 3.43016, 2.21171, 2.06722, 2.06122, 2.00174, 0.74207, -0.82398, -1.23991, -1.50306, -1.83308, -7.66369];


    bot.contour_psi = [0.1175 0.115 0.11 0.1 9e-2 7e-2 5e-2 3e-2 1e-2 1e-4 1e-5 1e-10 0 -1e-6 -1e-5 -5e-5 -1e-4 -2.5e-4 -5e-4 -1e-3 -1.5e-3];
    bot.contour_xi = [5 4 3 2 1 0.5 0 -0.5 -1 -2 -3];
    bot.contour_p = [0.3 0.17 0.12 0.11 0.09 0.07 0.05 0.02 0.0 -0.002];
    
end
